[led]
width = 32
height = 8

[weather]
latitude = 51.22072978143931
longitude = 6.906985612294489
